2.621067842702093920e-01 3.662061970098070551e-01 4.109768479419402265e-01 3.563492977932397054e-01
6.597548415117167331e-02 9.954465965201659827e-01 5.442166558572403279e-01 2.054921124950532529e-01
3.544774136981483914e-01 1.528834297618231752e-01 1.956918032225098136e-01 -1.004754516906951195e-01
6.999028967252532429e-02 4.362667529357328045e-01 1.203821384608307898e-01 -4.166674442603284789e-01
2.312622472912326810e-01 1.521212162804134183e-01 2.459420245863462862e-01 3.814035564292753699e-01
4.398917805081052901e-01 6.097644207766881319e-01 4.802251776946795392e-01 5.538074430577529794e-01
2.157923710881904933e-01 8.738952755345256174e-01 8.726442249740034018e-01 2.417608862007700754e-01
9.742384754439016303e-01 4.419793060999807066e-01 3.942180764507079438e-01 3.788816784170313534e-01
3.009530621262450634e-01 3.285801676972102126e-01 1.833567219186560404e-01 8.862463853267481539e-01
-5.298847277382101595e-01 4.323446063855043708e-01 -1.896883632851248044e-02 7.589781045117246494e-01
1.051405591714675569e-01 -3.989256709444697346e-01 3.297363570830266211e-01 5.673922759110555658e-01
6.568804993499117728e-01 5.892675255474983942e-01 -6.681222430562122616e-02 -2.225215087383498602e-01
-2.350761303656858370e-01 6.988166621429902844e-03 -2.365156225307292748e-01 -3.520474389255832254e-02
-2.870985354997155903e-01 5.775626718148835215e-01 -4.098096806608570591e-02 3.103435472876992507e-01
-9.470395558201420705e-02 6.950072314693137576e-01 8.932537116151785528e-02 3.897497366527916118e-01
1.961305754163331638e-01 8.298094972817229298e-01 2.028651021179440628e-01 5.500121109063879077e-01
2.176631515665764793e-01 9.836153729089103237e-01 5.167474504804390190e-01 8.389856041974055878e-02
6.123023312957420056e-02 1.022745937525899457e-01 -1.483531971785110593e-01 -9.316322440482488476e-02
3.908683734346401484e-01 3.377044978489898708e-01 -4.292153214422482210e-01 -7.272435392609728488e-01
-7.770466652444678601e-01 3.120476837685907112e-01 -7.145092706289934981e-01 -9.204544959541851590e-01
-6.385231641147874893e-01 -3.080188458310630373e-01 1.237210213579771789e+00 -4.082719923947532026e-01
6.747514657083408807e-01 -1.288080348754087889e-01 6.287578644850798648e-01 3.136661401182042619e-01
6.850562444907825066e-01 7.255163409786033468e-02 7.723573626327481234e-01 9.783559180997160043e-01
3.088815208182405514e-01 -4.060041853857710437e-01 4.500772562319452219e-01 8.108146403041013306e-01
-3.818686796298730868e-01 4.476462441393977421e-01 -2.770337856419456402e-01 1.280116345775560438e+00
5.420309129092629880e-02 -5.529859067061978495e-01 -6.521829066363896699e-01 1.026699451701687194e+00
7.825949495586667082e-01 7.210407591722749199e-02 6.775968085447146849e-02 3.177888302355534322e-01
1.125708328892938148e-01 -2.676790644168799971e-01 2.016986360840050396e-01 -4.230140722933736774e-01
-1.410396543989158147e+00 4.776451887629386550e-01 1.201022047800918979e-01 -1.560434674262321242e-01
5.534442507050802568e-02 7.863758025787017658e-01 2.621996866858000153e-01 -4.462465126932695370e-01
9.022446812843902542e-02 9.923266697788351021e-01 -5.841960562699477499e-01 1.144077642982573723e-01
5.820253249182850697e-01 7.579907299064568837e-01 7.093853156920306713e-01 4.135495937796810351e-01
5.191259502199300213e-01 3.679786447133173155e-01 -4.336106432482355610e-01 -1.113310051318003729e-01
-2.740945671653741145e-01 9.173436671868250292e-01 -2.045278733308214247e-01 1.543194434007000813e-02
-5.545298681604396984e-01 -1.973540256761203149e-01 -7.673837560333438557e-01 -6.916568669396037095e-01
-1.526468354068608035e-01 -2.455765001754424415e-01 -6.033674365013388941e-02 -7.350972233304007286e-01
2.129835645963756297e-01 -5.167127492698571078e-01 3.872189508407914982e-01 -7.419088888467619824e-01
1.979559532923062526e-01 -6.749954242648469327e-01 -6.857918515510078028e-02 2.738129623367053789e-01
-8.715525818518455869e-01 -4.530448836398222046e-01 2.123947526425212506e-01 5.360978433648762032e-01
-5.416137622087034975e-01 -6.006640169755141923e-01 2.704721449691204760e-01 1.460362403373387741e+00
-2.997211589203384041e-01 -3.873931723268743688e-01 -8.183496571375884487e-01 7.365528876005865699e-01
3.257683910872757327e-01 -7.401761079187900568e-04 -5.708946503723205668e-01 6.101998855114945108e-01
6.833603923310059836e-01 -1.117797663976385775e-01 9.015476321160686979e-02 1.676989778649908558e-01
-3.661532279899759046e-01 -9.457753120473612329e-02 -3.885672891626527070e-01 -1.097779542854406376e+00
-4.484669623211022804e-01 -4.294357554791077280e-01 2.677790280266909018e-01 -3.648681167719673990e-01
1.085143413796411382e-01 5.173333441302316871e-01 5.584131227349976578e-01 -2.683448842068783535e-01
1.401362518058107964e-01 6.496490099727221246e-01 2.837438510563883853e-01 -2.112243202462521230e-01
7.350017366432881616e-02 6.400438432309076831e-01 5.950257925520145985e-01 2.096436932688042765e-01
5.347441591726510568e-01 2.319062536676425590e-01 3.080914417037798891e-01 6.694892739897582157e-01
-2.342414881977921692e-01 9.536015352840185866e-01 -2.739968649888292473e-01 -1.961965608631571489e-01
-2.397549255015794523e-01 2.883607827667714063e-01 -2.838771364631900163e-01 -2.885149767171053467e-02
-5.080177748528125203e-01 -6.210380764467815506e-01 -4.429343429310196312e-01 -5.952666407000074544e-01
-2.931478552149306971e-01 -3.833088322459007186e-02 -1.089780802817667642e-02 -2.078418269251162687e-01
-8.750896548714306444e-01 -1.989326744151570237e-01 -1.105825234940570473e-01 8.851557595242176557e-01
2.326314326637876351e-01 1.305581915980898455e-01 -1.200510757658569128e-01 1.114214317579450969e-01
-2.393943515009135659e-01 1.008073990762898137e-01 -6.999707275671679385e-01 1.150531891902440984e+00
5.621976868834925867e-01 -4.091298142330482834e-01 -5.871779557777612180e-01 7.334296592825286787e-01
1.364667103186581743e-01 -3.466754029974969398e-01 -5.651159284012792217e-01 5.951150202748238804e-01
3.838905951717523912e-01 3.635813400574725573e-01 1.867777477054780311e-01 5.712817114849640943e-01
-6.280084666773474988e-02 3.584841802413509665e-02 1.312252329984841814e-01 -8.280544060672097029e-01
-1.185464049300295919e+00 1.382069777876254735e-01 3.818296828672642085e-01 1.822222903806322569e-01
-5.748076601225610149e-01 4.430982386528200395e-02 5.813683292261152546e-01 -4.076187791535469396e-01
-3.967614143669357385e-01 9.186239231393621418e-01 -1.123313945413051268e-01 3.017652007807200554e-01
4.709104217295283501e-01 4.725330185911693626e-01 9.931852423543943154e-01 2.700336405455542321e-01
-1.071158384263985325e-01 9.752191105777358038e-01 -2.488642245141401907e-02 -2.835490516813785611e-01
3.036190559936552402e-01 5.298591426381992209e-01 -6.048789466527751957e-01 -6.563774006379798076e-02
-4.360322452451315806e-02 3.025557436013497359e-01 5.156198133850001808e-01 -7.145844603427071728e-01
-3.477030015536817786e-01 7.450900351652918474e-02 -4.619439297350525497e-01 -8.984972110630633224e-02
-5.353553501125671854e-01 -2.957848812570067487e-01 -2.176070457639535383e-01 -8.667006977357592790e-02
-6.527790462033896679e-01 -5.096008299629169180e-02 5.781585258672670147e-01 9.076473315596024494e-02
-6.442762090002686071e-01 -2.615587803302608094e-01 3.307073569513051536e-01 3.442999179359395590e-01
1.633091331278007929e-01 -1.235030505466240547e-01 -5.628314810395352863e-01 2.949553249204121541e-01
1.996518031230265777e-01 -5.126831505115793039e-03 -8.131868870768715896e-01 2.962344564280166570e-01
3.590086193398916992e-01 -3.874903253054691743e-01 -3.424226986642746606e-01 3.002561654692819659e-01
4.207591079058310979e-01 -4.748152437385863012e-01 -8.015194395069339395e-01 2.872217814788656232e-01
-8.694051960370379195e-01 3.911050764181858153e-01 -3.617156166138497664e-01 -5.814254962799243476e-01
-3.059633339086417769e-01 7.170092681553828784e-02 6.091054791089318687e-01 -1.114740290402803508e-01
-7.325439206640356193e-01 4.011975730747115998e-01 6.221170194651438196e-02 -3.443452433843710025e-01
1.960591932757161926e-01 2.474035882266739372e-01 -4.505175578740832076e-01 -3.228599975148234713e-01
3.916982996943868534e-01 9.039593542792484504e-01 8.823876657677571789e-01 4.666365225887283419e-01
-1.194754762052400582e-01 7.777285590000883042e-01 -1.587429607686065280e-01 2.819291581448201689e-01
4.478845667712919205e-03 5.086447056278471379e-01 1.881085698171146292e-01 -3.641233586743509720e-01
4.461322744599082735e-01 3.352569387223674480e-01 4.628867294272045463e-01 9.960762908638150226e-02
2.745610943823237338e-01 1.862561750457316923e-01 2.295019424191407365e-01 -5.611799116270254489e-02
-4.651331080829518294e-02 2.541811315479285960e-01 1.316654543826428249e-02 -2.916989145277164019e-01
8.242594634804675247e-01 -2.480677593133675529e-01 4.446814035789367070e-01 1.893407299792861098e-02
4.965243409714437672e-01 -1.347146802890376860e-01 6.575088436123217583e-01 4.421836814379070252e-02
1.787144503919664562e-01 -4.709243704889711779e-01 1.531982678275437826e-01 4.325152121680887057e-02
-2.578617736703872620e-02 -3.530570861686282425e-01 -5.731672920817969252e-02 9.126598916075744083e-02
1.572802151158363138e-01 -6.238487784273603065e-01 -6.878135465596852960e-01 3.619357616594834348e-01
-4.314392075011810185e-02 3.874497473163499017e-02 -4.112573000004838830e-01 7.303659940199547229e-01
-7.121579743602625134e-01 1.548150987456109740e-01 3.327480903128533507e-01 1.053126445809106360e-01
-2.684238658856706317e-01 -9.040256036955311714e-02 1.167149286436800715e+00 3.786378711898560345e-01
-6.760189870618924513e-01 1.339072361302677885e-02 -3.131262230178564199e-01 -3.341920255389669858e-01
-5.192101424085812100e-01 3.478343651808571413e-01 -6.071224300774287208e-01 -2.229835971865583300e-01
1.830967955624094312e-01 5.074311484931162131e-01 6.674267471555969111e-01 8.594985513137444189e-01
-1.272081823359769506e-02 3.726595095009458403e-01 1.559549062286301468e-01 3.583861295433680705e-01
-3.107392725063872763e-01 4.750222298234172968e-01 -8.265237806311670488e-02 -8.254149413061458163e-02
-1.364289789459901536e-01 -6.632276943498696675e-02 -3.257528780376294231e-01 -6.083880113540066636e-01
5.212534386836956690e-01 -1.410373197264493117e-01 1.812187128777822953e-01 -5.371361641466370074e-01
1.712812183640540983e-02 4.591670490107976343e-01 1.323137324067230891e-01 -4.526456560627524217e-01
1.455920254377573553e+00 -1.305715868027486903e-01 -6.761056810288089691e-01 -7.010694384984577244e-04
2.060461755586444066e-01 -1.297226478288590334e-01 2.358833707572424165e-01 -7.551267033418189445e-02
5.585665769857457441e-01 -9.664292747483879120e-01 1.401049090537585251e-01 -3.314339366251330410e-01
2.625922110025954992e-01 -2.927660131693983203e-01 -3.939443474927403210e-01 6.024978384906570783e-01
-3.161974700703711338e-01 7.117634557723494628e-04 -9.277649961884162910e-02 1.387508608179331526e+00
-7.751113714162606305e-01 -1.899730713501496249e-02 -5.680889164631265364e-01 -1.003539125202889126e-01
-4.694427659385471130e-01 2.002163737864824100e-01 2.430626976714121146e-01 3.629887917832006483e-01
3.005912812047746227e-02 4.914855535965558797e-01 6.444625543728091932e-01 -3.349113081085095533e-01
2.251057174640989055e-03 -1.001497397457957322e-01 -6.059531162355060591e-02 -2.545517817013783768e-01
-3.915953417193085984e-01 8.115081483362855952e-01 -2.195838340680767720e-01 4.331530705113261770e-01
3.636242017134305726e-02 7.070071987187086515e-01 9.992977097634669903e-02 6.478113280349414582e-01
3.661945596596908881e-01 9.751875932053947205e-01 1.615846546017526142e-01 6.311221930670003477e-01
-1.484107879431762478e-01 5.566795155273276396e-01 1.516196304659130634e-01 3.359046704070162703e-01
1.577693619797239655e-01 -1.386063715886465264e-01 -1.699298014315497873e-01 -6.055420915203597598e-01
-3.929997982014130087e-02 -1.617647693339417658e-02 5.906054548490619061e-01 -6.735778307250194219e-01
9.948311033828430849e-01 -1.908493155908324579e-01 -2.294187742763872662e-01 -8.600247598914050329e-01
7.653731733997941600e-01 4.206283389719836507e-01 -1.123753579443080852e+00 -9.882845545058179804e-01
1.349072774539615382e+00 -1.664624229340327111e-01 -7.461961073981765447e-01 -1.670194393890332696e-01
6.728330530228950057e-02 -5.442350108826623512e-01 -3.548548665749437503e-02 8.736464854507162980e-02
-8.596493480337146220e-01 2.196107051137464183e-01 5.065467585413507834e-01 4.378245451266092325e-01
-1.151731392283548594e+00 -1.218649477378406093e-01 -1.113540608621726991e-01 1.503551162532448249e-01
-9.094268636538730410e-01 4.142838286699760952e-01 -2.093604474747599864e-01 3.256593321565471322e-01
-5.594799351185053560e-01 -1.424444379488825352e-01 8.036095629398155582e-01 4.794482037996443125e-01
-2.328109790872371632e-01 -3.272265845971801812e-01 7.487388129330995179e-01 4.680213022612769169e-01
-3.525670729074278364e-01 -1.674849615617010345e-01 2.668102629166418382e-01 2.802006568178593282e-01
-1.597055267842542592e-01 2.271583010735411523e-01 -1.015680656014774502e-01 -1.959309736284847447e-01
1.706214866617015158e-01 5.885819031807143498e-01 3.719115955806843177e-01 5.451003491160765213e-01
3.192091834825589586e-02 8.174949295043723030e-01 2.345428213634126458e-01 5.787733246958168820e-01
1.327417938604128489e-01 9.572471279125014387e-01 -2.556762290432003648e-01 1.581205132152888326e-01
2.668996949213608971e-01 -3.538119243238256328e-01 -2.590928900794721157e-01 -2.443452261372529577e-01
3.400204444198481890e-01 -4.896199733052195024e-01 -6.158846186425981362e-02 3.136600315014828610e-01
7.642281239816248739e-01 2.449939267305471513e-01 -4.982252326723121683e-01 -8.243117155717880618e-01
5.826373476913514482e-01 4.759402152164167177e-01 2.810125826229723303e-02 -3.001703547543002060e-01
9.700881794845588324e-01 2.131507812441761629e-01 -1.598754806799049522e-01 -7.046184271623334716e-01
9.077274176762869518e-01 2.594964208507060111e-01 -2.082968985791877059e-01 2.446042468461180064e-01
-4.889111857737715727e-01 -7.369443895187068883e-01 -2.932214758493674744e-01 1.982407434787431533e-01
-7.063661111259821324e-01 -4.842243501714119658e-01 -2.527278190331702090e-01 2.243329804175266950e-01
-6.548879245799984483e-01 3.280269897886883140e-02 7.895391012908233377e-03 1.169285445809324468e-02
-1.820401740293046133e-01 5.101461017861701475e-01 1.191590211057705240e+00 6.299211424740295273e-01
-5.721362672147833894e-01 -7.422425446070195221e-02 1.298826830873952343e+00 -1.618737455138007097e-01
-1.184354838958484868e-01 -1.176928547198104191e-01 3.448467200208349959e-01 -5.704925214564673386e-01
8.692882663914340557e-02 3.045920540421668821e-01 -4.794081700123602463e-01 -3.679340912669787529e-03
4.820064069755216618e-01 1.732633616644385643e-01 1.934855029054403097e-01 6.294487260454931787e-01
3.479724869565216649e-01 9.865411233230898524e-01 3.268680954536539590e-02 1.193302829006324395e-01
-1.763933911719353653e-01 4.641939878373242956e-01 2.802896217883153462e-01 6.771167243606410202e-02
5.383680020093775109e-01 -3.949917099616942484e-01 1.074328728713026399e-01 2.065805987448545988e-01
7.275771955978243000e-01 -2.410236119391462317e-01 5.499164410724719509e-01 -4.601209113550869256e-01
2.826918180543165904e-01 2.600419650204081057e-01 9.755224272191846679e-02 -2.010598269265454208e-01
6.326054857023347688e-01 -2.101398339442867025e-02 -3.742172765404166990e-01 -5.893983872456156625e-01
4.777897951379890817e-01 1.250047829268117194e-01 3.285607058047426143e-01 7.066246068629477017e-01
3.737190917113875077e-01 6.015865701408045635e-02 -1.106948071531701355e-01 -1.190177574138174127e-01
2.727750281402978594e-01 -1.032823537801195402e+00 -5.244076626150194764e-01 -7.449081923242439895e-01
-9.987767225444611485e-01 -6.021319323297203985e-01 -8.341976371921466793e-01 2.529603455585140437e-01
2.080773680200250497e-01 -1.775429387088754002e-02 6.605336261216605553e-01 4.377306437652918047e-01
1.173211120085834863e-01 3.715079386641871317e-01 9.716836701932058951e-01 1.388526512744817087e-01
-3.063759825458456931e-01 -3.545578079598606380e-01 8.730370064583913292e-01 -8.268481940699227983e-02
-1.325455222692513424e-01 -1.535365805388898830e-01 4.995808796670866969e-01 -2.727810736611094855e-01
-5.762151513733436703e-01 9.529378716457613807e-01 -4.811046838849838414e-01 -2.347455120466964418e-01
5.680382318109989948e-01 6.524126636360451093e-01 4.256290708564766101e-01 5.250646571365217286e-01
-2.355633426879533976e-01 4.443108273787967910e-01 2.916348850088970046e-01 -2.798538528602776965e-01
-5.621854945694071404e-01 2.689270318005729798e-01 3.504751197050675615e-01 -2.391511392584430851e-01
5.335675375272831422e-01 3.760916025138457131e-01 -2.244118772187960742e-01 -3.159405194135143091e-01
4.537624858583501619e-01 8.549055576557038072e-02 5.615848312457576430e-01 -2.599511131421240462e-01
9.350371704988643673e-01 4.761263832081317759e-01 6.003174835034946755e-01 -1.841472914747015466e-01
2.461991958601117136e-01 4.850139421826101804e-01 7.008922028749987876e-02 -5.798980578424097754e-01
-2.189266945468766046e-01 3.593818296586275274e-01 1.351896529150024562e-01 1.850743487709914370e-01
-4.394545383435621150e-02 -1.096979399630720053e-01 -2.006591251284606525e-01 7.090443751557684582e-01
-1.497061987783650516e-01 2.155139771864720000e-01 -4.041582277255773570e-01 -3.697658026939963927e-01
-5.598981219581312674e-01 -1.266511017531084526e+00 -7.129627520045146438e-01 -1.083658156316215759e+00
-4.846905340823309261e-01 -3.595218744542392764e-01 4.014592850443005068e-01 -1.585639561421167409e-01
7.749062579054394329e-02 1.890242353304041889e-01 9.320029044808301188e-01 3.278328759852341956e-01
-3.012537538996272191e-01 3.665467051052845315e-01 5.946338578668507457e-01 -1.410572612374918766e-01
-2.122422221095378314e-02 -1.530513267745036432e-01 2.384135796766403415e-01 -1.780177388272219385e-01
-5.490935493926346611e-01 1.836154312262881783e-01 -4.279224244110971798e-01 -3.323276960076094189e-01
5.221735761428021316e-01 1.069104620269084593e-01 7.058437580965916114e-01 5.484847363251517116e-01
2.324063376049565754e-01 2.773433215306206900e-01 8.972313390124424248e-02 5.059349902908156782e-01
-3.410550341115693024e-02 4.186298542122275923e-01 8.631109811124609843e-03 -4.619674486670291014e-01
5.099796980440839400e-01 -3.110201462448150544e-01 -5.381120287550822390e-02 1.208802520736075303e-01
1.921037186835503896e-01 -2.853173479938103663e-01 6.561814330541748674e-01 -3.275469019420725741e-02
8.682357434079851499e-01 1.791309414049827853e-01 8.039217504795227731e-02 2.574224025493403456e-01
5.387531032768132916e-02 2.441658001231984121e-01 -5.480386653716955436e-01 2.818575584383492538e-01
1.052976729674543893e-01 8.630265402718764189e-01 -1.286474415123294891e-02 -1.007522187686665099e-01
-5.920953423531190030e-01 -1.766891038413029857e-01 4.684979735294751008e-02 2.590362621854275238e-01
4.182484002067817473e-03 4.844949814644402553e-01 -4.721084771156203730e-01 -3.678791535272670221e-01
-4.379827187029167734e-01 -5.340971809393975089e-01 -1.151946210764897227e+00 -5.355783849970059407e-01
8.238265832020152946e-02 -9.211146495217714669e-01 2.121123173416132324e-01 -4.570686532876168107e-01
-1.868522439846400929e-01 4.626963319592229396e-01 6.978476378911790956e-01 4.219037817765914911e-01
-1.813734085236901883e-01 1.929139600277729183e-01 8.389836494009251799e-01 -1.237120577398800186e-01
-1.784543312302170892e-01 -6.783690599154014456e-02 1.318796471464341313e-01 -2.410948018935747117e-01
8.350332250583852520e-03 2.427554185206630410e-01 -4.367795026808846126e-02 -1.441238850043067843e-01
8.568801643497395704e-01 7.009949258629519786e-01 7.938612493340679865e-01 9.302994239518812547e-01
9.812934101731358993e-02 1.724731534066296645e-01 -2.863828135003445019e-01 5.896120186039013333e-01
3.316040236750837922e-01 2.209275894396833528e-01 -5.852191910981301426e-01 -2.946726049062102226e-01
1.257013541411891033e-01 -3.791152738061340233e-01 -1.141630155524585161e-01 -8.513908556306856723e-02
1.270036627635187099e-01 -1.224469996130642113e-01 4.619864091718395294e-01 -5.124829913246089497e-01
1.077635201597426651e+00 5.186121580936517983e-01 5.866945775636605021e-01 5.856177886758727816e-03
4.574317605919310248e-01 -1.211005516248510605e-01 2.328352553215525811e-01 7.338883712747343302e-02
1.370377137342052853e-01 4.347852585988435381e-01 -3.358233558462024315e-01 2.055591328431863318e-01
-2.883826352276287475e-01 4.694254522930039752e-01 4.606201780052431721e-02 9.175985966434675456e-01
-3.948635972498008018e-01 7.555854330854333556e-01 -4.384730193285345523e-01 9.970741159781081053e-02
3.948823560054866011e-01 3.065817491530597322e-02 -5.131865925796029737e-01 8.014391148845038115e-01
-1.010777795253138267e-01 -2.214423952559753384e-01 -4.847844519291815701e-01 -3.459740707254577163e-01
6.191328923611908452e-01 1.051016670617221649e-01 -3.720741778089032420e-02 -2.212708350225607579e-01
-7.539266554446012458e-01 -3.637514340045803346e-02 5.977911030012813542e-01 -2.758946260103599113e-01
-5.511827895317392700e-01 -4.625709182428737465e-02 4.550852198050006625e-01 -6.336326099598302841e-01
3.491488939682164672e-01 4.680546960233251952e-02 -4.120034879503248204e-01 -1.061017448278141206e-01
3.476882521521819092e-01 3.632257647336434303e-02 4.257681170242338942e-01 8.688650402050780430e-01
3.946097491430251153e-02 1.911422535080181118e-01 5.408697758663663091e-01 -2.906066206329191437e-01
2.290528189704662543e-01 2.227932215013077311e-01 1.308794365770154788e-01 -4.344455488909529928e-01
-1.431471463219695650e-01 4.726042743014185477e-01 5.250184062522647022e-01 -4.270177562891980250e-01
2.941922436372874095e-01 3.692792704577806812e-02 8.645514743908211397e-01 -1.438183315021779318e-01
-1.291257854185957343e-01 -6.555364336727012020e-01 5.598147728540275869e-01 6.915331426616203592e-01
1.792417798061338996e-01 -1.881138227906181959e-01 -4.184143348318116185e-01 5.251625268247657186e-01
-4.827321652381674766e-01 1.595938449500088896e-01 2.030535506389272993e-01 3.961736922120802640e-01
-7.061986596754427081e-01 2.335667974354197207e-01 -4.104609631115554436e-01 8.048243734850505371e-01
-6.398801522707621148e-01 6.230664384102357900e-01 -6.486276249677597194e-01 -1.253576383673705164e-01
-8.212700368814794816e-01 1.193072542246579881e-01 -3.499399866225489514e-02 1.583851791265296960e+00
-5.080399008276941242e-01 -8.532164987182441207e-01 -4.854484527087096213e-01 5.296749869057908872e-02
-1.819522419398346413e-03 -1.116723128308853674e+00 2.739617644457114087e-01 2.285490226790362067e-01
1.667860993953088761e-02 3.441355530105814631e-01 6.411542988724099335e-01 1.418202164831374734e-01
-2.383859461687131698e-01 -7.744497969940701554e-02 5.410990352187540209e-01 -4.892742015084747820e-01
2.943080836370058906e-01 1.536154091379315079e-01 3.560479339537463844e-02 -9.192273157081128077e-02
9.513135242781937118e-01 9.963579973590033223e-01 4.654477971829967808e-01 5.511735751969480956e-01
4.554576915930920733e-01 1.715906253184472097e-01 5.507775699410577541e-01 5.195917873293467437e-01
2.217383854004493504e-01 4.517883368898130136e-01 -2.997800455694671906e-01 4.771932245372050851e-01
2.684936059895620675e-01 3.042508181994633132e-01 6.011136692836070994e-01 2.677497597056483492e-01
3.806630708170068988e-01 -3.104303284363153503e-01 7.845870867819467742e-01 3.402976604768711416e-02
7.244245737312221545e-01 6.345340901465646999e-01 2.538353030592726545e-01 5.366111891804978828e-01
6.538223328312636751e-01 -1.770257804279715963e-01 7.037536085211232306e-01 1.863006444337289846e-01
4.576452529937664049e-01 4.444530460864641874e-01 9.049236000699222016e-02 6.825696204321086979e-02
1.448001824402355420e-01 8.520780833808333510e-01 -2.015728798253773324e-01 6.523118419181441752e-01
4.817970338805341313e-01 7.160918981444691633e-01 1.242698478505956244e-01 6.257888345587311330e-01
-5.024068314037389849e-01 4.310603638540532190e-01 1.294413633619430071e-01 1.163385104386790436e+00
2.649005213578231599e-01 -2.048620598459687248e-01 6.644094480844334738e-01 6.649810964615766595e-01
3.586056276949955435e-01 2.634753241475107366e-01 2.041282326472116659e-01 -5.053846764715412831e-01
1.080157550311688697e+00 -7.762464064618358750e-02 -1.270452942686086661e-01 -6.884246373214204795e-02
6.481633497320345993e-01 2.264972127601502516e-01 -7.296558658128003971e-01 4.683548627657168478e-02
-1.395451689995512445e-01 7.067710197365283387e-01 5.628288498547895369e-01 1.596429769842774848e-01
1.214968863618836048e-01 5.375535770451072004e-01 8.947947166950029896e-01 6.032539781423754688e-01
8.336252936904224864e-01 6.977368269031258841e-02 5.937185544326278874e-01 2.203583743388277671e-01
9.235023879104661271e-01 5.389009574835514904e-01 5.413179973850380522e-01 8.067189910160774691e-01
9.683386377309177728e-01 7.386548916810198318e-02 7.861102950928894328e-01 8.386136251114667539e-01
4.524507164970683615e-01 2.361347591571882898e-01 9.792332950660374014e-01 8.235935502827326227e-01
5.925278193467543586e-01 8.184660354925067383e-01 1.846660248268382487e-01 2.462911195598185277e-01
5.006827549615650019e-01 3.470561138142541635e-01 2.641577626022751923e-01 3.247889399507919439e-01
7.579419223735325284e-01 9.162204560392673836e-01 1.463996206128248545e-01 3.763535145820140482e-01
3.594519723124639521e-01 1.188865090968569405e-01 5.223020067670725020e-03 8.635942410487976728e-01
3.497631914834208322e-01 4.063105585192038349e-01 2.302139236907566611e-01 3.976398533038685290e-01
5.451603145451566768e-03 1.709228924326223753e-01 8.181689839068342351e-01 9.322986914571543826e-01
2.814415029722353578e-01 9.221052086942915782e-01 2.746749568590238777e-01 5.945077702465678682e-01
6.713461594324453552e-01 9.788323334766234618e-01 2.746776199648601757e-01 1.726561531891451784e-01
1.501130440216532635e-01 6.863833873153385445e-01 4.727657806791342177e-01 8.552182722487549071e-01
2.275474217676158872e-01 8.917538689906338023e-01 3.646607161470839520e-01 3.760344584212457208e-01
3.520644357206528241e-01 7.294313309394404587e-01 9.804969042612209362e-01 8.848033359836902090e-01
8.328106508956150122e-01 8.237159341957031033e-01 4.966123715022764395e-01 8.874546255806768924e-01
